5.000000000000000000e+00
6.993556153431412792e-01
1.998048649404929322e-01
2.892878850615255182e+00
2.781668640142734850e-01
6.447374008423627512e-01
-2.788097717023059752e-01
-1.762238091089762815e+00
7.252217501926359056e-01
-5.945542173418569831e-01
-2.194862042693467075e+00
-7.563875523934129319e-01
5.267884297973874919e-01
2.255555776677271584e-01
-1.738765273676014189e+00
4.066382179322874935e-01
1.466474966563723337e+00
-1.142961032749710171e+00
1.052591082780319209e-01
-9.489425265402926524e-01
-1.292765257924008537e+00
9.484171250568114164e-01
-3.429688465670778008e+00
-2.662532320976095157e+00
1.254156929976177004e+00
-2.634871790247383050e+00
-1.938784901131556104e+00
3.425994818005765330e-01
-5.732555564772927603e-01
1.439574135137643207e+00
5.320599628805984249e-01
2.146891953248422913e-01
3.015522122206748534e+00
2.139706766418557393e+00
7.185854555187362047e-01
7.540638323705005641e-01
2.207015414139942067e+00
1.543853789281329991e+00
-1.532307752162215486e+00
5.406170143730413269e-01
8.520432964459648817e-01
-1.034827454086714615e+00
7.041980633320688021e-01
-1.159737608123302399e+00
8.483093398782937111e-02
2.982973902697356738e+00
-1.608407005569250536e+00
-3.902801534539354633e-02
3.124879745370931605e+00
-5.500270878328575863e-01
-8.778525229245681682e-02
1.357822847485612439e-02
-1.099113458394923803e+00
1.663309695910101249e-01
-2.197884252830666796e+00
-2.913171098617629795e+00
-1.011572644700046819e+00
-1.277699020408048503e+00
-2.290231772672800314e+00
-2.649701133793002761e+00
3.554225549778274318e-01
5.221127172959424412e-01
-1.795313274998337150e+00
1.172780258024222366e+00
1.180594269016368214e+00
5.891496975973631312e-01
2.271031189016359697e+00
-9.962857151022912472e-01
8.615141399628396535e-01
3.067958721023939628e+00
-2.100289330501963203e+00
-4.268269821078269910e-01
1.748938252626325962e+00
-7.773593571186923068e-01
3.235788039587482734e-01
-4.584264206960064758e-02
4.044405752844549840e-01
2.439652948561956691e+00
6.959996374433846666e-01
5.275291021987883466e-01
1.915645956030213704e+00
2.432517318303431875e+00
8.109963226325587193e-01
-1.077147613790310210e+00
1.592012360501934953e+00
3.860162035932060975e-01
-2.561921162165463173e+00
-5.685350374260373929e-01
-2.091493630823084704e+00
-1.692075118690558710e+00
-2.850218368722207130e-01
-4.089376427273201386e+00
-8.522169692274048636e-01
1.515327211817081521e+00
-2.654552347303215765e+00
-3.580231768587053276e-01
1.157481233759851236e+00
-1.035780659321327013e-01
7.965578933085657454e-01
-7.322434753168091115e-01
-1.909830056250402253e-01
1.072281008466162255e+00
-7.369002700855156185e-01
-1.423827662367599167e+00
-7.974752120641670494e-01
1.016300348232072714e+00
-4.022749139640778848e-01
-1.892363074832266623e+00
2.090899450248273617e+00
1.433094939693448033e+00
2.815880281348593916e-01
2.611994198194301564e+00
7.380551937630255299e-01
2.662522283239650456e+00
3.380271395290994185e+00
-1.344027759240812303e+00
1.684483592460113366e+00
2.543458989220542144e+00
-1.744368845869713303e+00
-5.185972833952430250e-01
-5.653127565344522321e-01
-1.040648703594637237e+00
-4.974988600122669524e-01
-2.262895922734174281e+00
-1.115055870440763153e+00
2.928932188134548698e-01
-2.537240039319671459e-01
-1.070062460881599620e+00
-8.128611124310143321e-01
1.937210672134415779e+00
-2.443424133058730296e-01
-2.218429601431467724e+00
1.039808272239569620e+00
-8.533802854292795725e-01
-1.520951131950234458e+00
-4.629536846654747073e-01
-3.244264682390678445e+00
-5.110916842880575128e-02
4.256452922438570541e-01
-3.562452075156508968e+00
5.133179080081733403e-01
1.813699372014544231e+00
-2.993386115755971022e-01
1.352054989245038419e+00
1.338775392497488781e+00
2.290649416779481751e+00
2.609899045813869112e+00
6.744123046896209894e-01
1.191676029872219766e+00
1.683013417077524831e+00
1.451056516295178955e+00
-7.418729014176749237e-01
-1.276136881401323642e+00
1.927743813739727807e+00
-7.357911696412416935e-01
-2.022136529966942042e+00
1.159861420368661911e+00
-6.034159977321714718e-01
5.627171088221886164e-01
1.038538818292805033e+00
-1.897143090289044043e+00
2.098501386903238064e+00
1.574074415995039500e+00
-2.603122504302732843e+00
2.839922796175167186e-01
1.273123647783137580e-01
-1.713025372798838708e+00
-1.592582236222255476e+00
-2.590131502032791744e+00
-1.267617102306765275e+00
-1.152493496595184075e+00
-2.273641378485110831e+00
-1.641322051373485413e+00
-3.895096467824953335e-01
1.376859526747607587e+00
-7.409374711253349233e-01
-5.069016859866715130e-01
3.529991123036778866e+00
7.701577543827986538e-01
2.351581854777627933e-01
2.233378583529045169e+00
-1.328780584114573893e-01
1.823623561518257441e+00
7.987499034167400147e-01
-2.442131772359793285e+00
1.899704876689302768e+00
1.059383477621264058e+00
-1.945907540558357685e+00
8.007985087718165751e-01
1.060058792179192633e+00
1.058093178372296883e+00
1.016602954566198980e+00
2.860147449171288603e-01
1.863343166219278313e+00
1.614625571990233155e+00
5.486528411986765219e-01
-5.852634954265724110e-01
-2.581818963632367403e-01
1.296292708935427918e+00
-2.623490096605264110e+00
-2.927050983124790839e+00
3.657732268532062347e-01
-2.721355601601505025e+00
-2.186702982295545272e+00
-1.015141712941309393e+00
-2.669093833281637629e+00
1.071859918288886160e+00
-1.863082112180111105e-01
-2.511974175707706092e+00
2.179885167271705004e+00
1.295123069583889119e+00
-8.638498331788146967e-01
5.800836335481072137e-01
3.591760477204065660e-01
7.513824824972766825e-01
-3.260037263011200115e-01
-1.175886300670943019e+00
7.317932712059238565e-02
2.357787090140751607e-01
3.998473879515060947e-01
-1.093711896084153423e+00
4.576931353842036421e-01
3.487702927095542194e+00
-1.484952988693047926e-01
7.024112543116641794e-01
3.689921803446040816e+00
8.592341613304796955e-01
2.056954474236455166e+00
1.231912839790978653e+00
-9.307766251441931260e-01
2.510038306217539095e+00
-4.391307839729891027e-01
-3.138297659545123519e+00
3.452030391480349625e-01
-8.312464134735566557e-01
-2.170564799230415343e+00
-1.644325726083092132e+00
-1.298445953150190402e+00
1.082904194371376860e-01
-7.669412473629058091e-01
-9.068152948142630398e-01
-1.347978292714753223e-01
4.994192701238152621e-01
1.033049750391465071e+00
-2.041327880652321181e+00
-6.079555660905426873e-01
1.870077989474092872e+00
-2.582246886870480651e+00
-1.589002252137153626e+00
1.425876148597668980e-01
-2.000000000000003553e+00
4.802545042853325619e-01
-9.233631630912387811e-01
-1.607746635419874170e+00
3.125460712055507795e+00
8.922665731703777192e-01
-3.393389170629246276e-01
2.887940057060789378e+00
2.453955517260166808e+00
1.863268040084849808e+00
1.077414107814675726e+00
1.146482855754641150e+00
1.895973267739670565e+00
3.121698182721458492e-01
-2.570191144574794362e-01
-1.046398043526224786e+00
-2.495251486854588308e-03
8.547444905147278948e-01
-2.962595266443643460e+00
-6.023120071093245320e-01
2.012658531887688618e+00
-1.748074774616885652e+00
1.181616068146980614e-01
6.787268574616556194e-01
-7.438998084112788955e-01
1.907908755069435358e+00
-1.207317835181721977e+00
-2.131110561008291437e+00
1.489123981814378883e+00
-1.499468673266881602e+00
-2.953264867860628584e+00
-1.308707475447028923e+00
-1.272724052458159116e+00
-1.191960996705569986e+00
-2.161340983767435109e+00
-1.003479566791853683e+00
4.013363645467060703e-01
3.466097597893087467e-01
9.053579639378410704e-01
-2.100737738690092726e-01
2.258630417787248046e+00
3.425460728248109987e+00
-1.020091884859231079e+00
1.509047660952027803e+00
2.922014331957833999e+00
-7.172603094040336247e-01
9.823322002707292055e-01
-2.009377731560652025e-01
-8.043120235667617912e-01
2.159055300423750268e+00
-1.309016994374859522e+00
-1.227159258618338411e+00
2.430830607188906090e+00
5.819895604603793071e-01
-6.358048284674544526e-02
7.368694678357067263e-01
1.463971960934309813e+00
1.378144704628517347e+00
-5.197981265101276893e-01
-8.668878669065505083e-02
-3.110010334850971114e-01
-5.355300868978585260e-01
-9.754743888552468434e-01
-3.851866223592796956e+00
-9.215393737720480871e-01
-9.930824404214277923e-02
-4.401841877128228830e+00
-1.065392321499782247e+00
1.085702491308400963e-01
-1.649601888988870391e+00
9.585306040317141951e-01
-7.612120252012671839e-01
8.087190803367091951e-02
3.167579595782628044e+00
-5.320337657533507070e-01
-4.280685410449150963e-01
2.018746746362019451e+00
5.629667605533156260e-01
-4.056028251927458195e-01
-7.901578330075862411e-01
5.361623544087689153e-01
5.777283774334657229e-01
-6.410777564595390166e-01
4.042208639955732208e-01
2.741972482411277334e-01
2.047899736132250403e+00
2.082802782750091453e+00
-9.777341754365066473e-01
2.979374355592813384e+00
3.243365638092370773e+00
-1.045584507158809906e+00
1.572342796933652753e+00
7.634405385244864561e-01
-7.415360491608959936e-01
6.868634263212586299e-01
-2.816432311236501285e+00
-1.828579863109951020e+00
5.678370562950019185e-01
-2.864117678696845637e+00
-2.512335524082686788e+00
-4.510565162952179796e-01
-2.961388201278402632e-01
-8.076923486943357045e-01
-1.287768730197079270e+00
7.412411609004261326e-01
5.691653627716962704e-01
-1.861096295253351629e-01
6.754968289190665942e-02
-1.306585014847126303e+00
1.112630731631985226e+00
1.385552788367017119e-01
-3.600148954587329975e+00
7.260964704853555274e-01
5.788638708818075740e-01
-2.302856818059970667e+00
7.628604226404680499e-01
-4.592489723394543866e-02
8.285088791670485175e-01
2.880271966971440278e+00
-2.722325794672492139e-01
1.751711043550597147e+00
3.925812252928503110e+00
1.111194230741159528e+00
7.342054578548331545e-01
1.378954497502354437e+00
1.707106781186554567e+00
4.008953640387569184e-02
-1.399983831372209053e+00
4.840501102239669340e-02
-8.274263950442004578e-01
-6.908937955929599362e-01
-9.793761367485021019e-01
-2.527116179544214081e+00
1.461216484966865847e+00
3.338179762179297461e-01
-2.924337783992130735e+00
1.615688942421189545e+00
7.643299932589529000e-01
-1.239248295712731096e+00
6.123494934327169403e-01
-1.682986473322643173e+00
-4.400048338028419437e-01
3.630526158626117272e-01
-3.425349088451029811e+00
-1.696386837102945577e+00
-1.782483268731038795e-03
-1.510298969490607934e+00
-1.810926598469289273e+00
-7.871604609722216983e-01
1.360302573570687734e+00
4.270509831247878973e-01
1.980586808381867847e-01
2.012418488697627517e+00
1.362932626512907586e+00
2.832537313844271765e+00
1.477486074509106961e+00
-7.112888814738040910e-01
3.510552224539508881e+00
1.137685064735393325e+00
-2.161929070693127564e+00
1.524632268059681550e+00
-5.217090003967039813e-02
-6.684222764044788212e-01
5.968459219111424963e-01
-1.687689628863605407e+00
9.439984156716698660e-01
1.817725130248963206e+00
-1.190184682754305667e+00
3.624548007336696465e-01
1.661349333748644241e+00
8.439923660722536969e-01
-8.138420508746180282e-01
-8.765772268298854808e-01
6.810203281808847597e-01
-1.489756034704929455e+00
-2.021219323259776601e+00
-1.676263284448945345e+00
-2.744249767109450566e+00
-1.285294626813677510e-01
-2.160968384436842804e+00
-3.641315816053543486e+00
1.764291270422156943e+00
-1.673649276000707953e-01
-1.720836448511274819e+00
1.871611227987488579e+00
5.263281794409917502e-01
1.456174850385643982e+00
1.778850797289746932e+00
-8.761535537554574482e-01
1.727971800674022118e+00
1.813359809820753510e+00
-9.815442665666501698e-01
-4.597494274309068540e-01
6.625541725721112440e-01
9.827451558211526272e-01
-9.220471694114539263e-01
-2.671209751641395735e-01
1.981299818673175839e+00
5.479517368620115958e-01
1.445451194518602822e+00
1.087785252292374771e+00
3.354893742449408522e-01
3.694918270310907360e+00
1.991663048443169659e-01
-1.708895641928730891e+00
2.546687419904296590e+00
-6.747272570557973914e-01
-2.220759976736667696e+00
-6.278256715364085583e-01
-2.599609075240037370e+00
-9.005700636416954508e-01
-1.349509135986588948e+00
-3.505679640578064138e+00
-4.561067324308255566e-01
2.378867450815709272e-01
-1.127697705537957118e+00
-1.021782053820242231e+00
5.907006460210958432e-01
1.702350610700724021e+00
-8.249454899162955712e-01
-2.041891424888013784e-01
1.027848917597913747e+00
-6.486359218170916208e-01
6.057281999851014120e-01
-1.344701737977476608e+00
-1.726890790768464079e+00
2.449966896091242408e+00
-1.213226060601789502e+00
-1.768496667279244816e+00
2.773800299863814267e+00
6.444010643332991339e-01
1.044389329527733112e+00
2.097526326564357557e+00
7.910419427750217114e-01
3.286686907933710877e+00
2.060799366481643968e+00
-2.981472239002274649e-01
1.411269217989900460e+00
1.423554861977477159e+00
-1.743152187368667283e-01
-1.944195575564808154e+00
-6.824904539777087997e-01
3.012075303485409750e-01
-2.510156502565112024e+00
-1.329159031624908005e+00
-6.778863298050498143e-01
-1.278757739119658066e+00
1.146353940995362475e+00
-1.686176206845329872e+00
-1.271933574955018242e+00
3.000000000000000000e+00
-1.271933574954980717e+00
-1.686176206845210856e+00
1.146353940995237908e+00
-1.278757739119704473e+00
-6.778863298048276587e-01
-1.329159031624926879e+00
-2.510156502565265235e+00
3.012075303485769462e-01
-6.824904539776395218e-01
-1.944195575564855227e+00
-1.743152187369864103e-01
1.423554861977421870e+00
1.411269217989933544e+00
-2.981472239001038971e-01
2.060799366481534278e+00
3.286686907933607404e+00
7.910419427750919885e-01
2.097526326564429944e+00
1.044389329527459331e+00
6.444010643332801491e-01
2.773800299863967922e+00
-1.768496667279368939e+00
-1.213226060601778622e+00
2.449966896091186008e+00
-1.726890790768328188e+00
-1.344701737977345157e+00
6.057281999849226661e-01
-6.486359218171897645e-01
1.027848917598085610e+00
-2.041891424887928297e-01
-8.249454899164311295e-01
1.702350610700981148e+00
5.907006460210463272e-01
-1.021782053820360137e+00
-1.127697705538151407e+00
2.378867450815640439e-01
-4.561067324310329463e-01
-3.505679640577943790e+00
-1.349509135986446173e+00
-9.005700636419535776e-01
-2.599609075239860623e+00
-6.278256715364147755e-01
-2.220759976736991437e+00
-6.747272570555964410e-01
2.546687419904226424e+00
-1.708895641928893872e+00
1.991663048446443429e-01
3.694918270310794117e+00
3.354893742448402660e-01
1.087785252292685856e+00
1.445451194518326599e+00
5.479517368619010176e-01
1.981299818673412538e+00
-2.671209751641968611e-01
-9.220471694114115158e-01
9.827451558211224292e-01
6.625541725721442177e-01
-4.597494274311061391e-01
-9.815442665667217792e-01
1.813359809820734414e+00
1.727971800673877123e+00
-8.761535537552879171e-01
1.778850797289687646e+00
1.456174850385780317e+00
5.263281794411659442e-01
1.871611227987636017e+00
-1.720836448511359418e+00
-1.673649276003868480e-01
1.764291270422410962e+00
-3.641315816053252163e+00
-2.160968384436783296e+00
-1.285294626813554275e-01
-2.744249767109268490e+00
-1.676263284448953339e+00
-2.021219323259980882e+00
-1.489756034705310483e+00
6.810203281807738485e-01
-8.765772268297399306e-01
-8.138420508746723181e-01
8.439923660721633247e-01
1.661349333748684209e+00
3.624548007339666311e-01
-1.190184682754467982e+00
1.817725130248685872e+00
9.439984156718111974e-01
-1.687689628863418667e+00
5.968459219111269531e-01
-6.684222764044929210e-01
-5.217090003953717137e-02
1.524632268059917362e+00
-2.161929070693272337e+00
1.137685064734894835e+00
3.510552224539529753e+00
-7.112888814738251853e-01
1.477486074509091196e+00
2.832537313844097682e+00
1.362932626512976197e+00
2.012418488697826913e+00
1.980586808380834229e-01
4.270509831247737420e-01
1.360302573570705942e+00
-7.871604609721348789e-01
-1.810926598469271287e+00
-1.510298969490657672e+00
-1.782483268536361187e-03
-1.696386837102890510e+00
-3.425349088450931667e+00
3.630526158625245747e-01
-4.400048338030267403e-01
-1.682986473322346965e+00
6.123494934326821904e-01
-1.239248295712930270e+00
7.643299932590736923e-01
1.615688942421258378e+00
-2.924337783992261297e+00
3.338179762179333543e-01
1.461216484966713081e+00
-2.527116179544040442e+00
-9.793761367484126179e-01
-6.908937955931981900e-01
-8.274263950440398085e-01
4.840501102254035626e-02
-1.399983831372343390e+00
4.008953640370760407e-02
1.707106781186554789e+00
1.378954497502399956e+00
7.342054578547710930e-01
1.111194230741267441e+00
3.925812252928492896e+00
1.751711043550750357e+00
-2.722325794672517674e-01
2.880271966971268860e+00
8.285088791669498187e-01
-4.592489723389514555e-02
7.628604226404686051e-01
-2.302856818060106558e+00
5.788638708819128231e-01
7.260964704854392382e-01
-3.600148954587289118e+00
1.385552788366097854e-01
1.112630731631806702e+00
-1.306585014847129855e+00
6.754968289198415299e-02
-1.861096295253987787e-01
5.691653627716732888e-01
7.412411609008139335e-01
-1.287768730196988454e+00
-8.076923486944794783e-01
-2.961388201279184229e-01
-4.510565162952007157e-01
-2.512335524082725868e+00
-2.864117678696969094e+00
5.678370562949397460e-01
-1.828579863109858872e+00
-2.816432311236396480e+00
6.868634263210495750e-01
-7.415360491611289184e-01
7.634405385247037268e-01
1.572342796933396514e+00
-1.045584507158893839e+00
3.243365638092612357e+00
2.979374355592729895e+00
-9.777341754365471704e-01
2.082802782750385884e+00
2.047899736132091864e+00
2.741972482412283196e-01
4.042208639957673988e-01
-6.410777564597444078e-01
5.777283774335043587e-01
5.361623544089023641e-01
-7.901578330075901269e-01
-4.056028251927857875e-01
5.629667605533641428e-01
2.018746746361905320e+00
-4.280685410450287831e-01
-5.320337657531578612e-01
3.167579595782437529e+00
8.087190803362376279e-02
-7.612120252008605092e-01
9.585306040314698350e-01
-1.649601888988971865e+00
1.085702491312313944e-01
-1.065392321500009620e+00
-4.401841877128304326e+00
-9.930824404178917320e-02
-9.215393737721355727e-01
-3.851866223592708582e+00
-9.754743888554361364e-01
-5.355300868980933382e-01
-3.110010334852280067e-01
-8.668878669059298936e-02
-5.197981265103479576e-01
1.378144704628232464e+00
1.463971960934578487e+00
7.368694678356619843e-01
-6.358048284672845885e-02
5.819895604602755013e-01
2.430830607188920744e+00
-1.227159258618090609e+00
-1.309016994375148846e+00
2.159055300423712076e+00
-8.043120235665467410e-01
-2.009377731559127689e-01
9.823322002708819722e-01
-7.172603094042679928e-01
2.922014331957588862e+00
1.509047660952332004e+00
-1.020091884859479325e+00
3.425460728247714748e+00
2.258630417787517608e+00
-2.100737738689618661e-01
9.053579639379090160e-01
3.466097597892763282e-01
4.013363645467874496e-01
-1.003479566791596556e+00
-2.161340983767703783e+00
-1.191960996705682563e+00
-1.272724052457967048e+00
-1.308707475446861057e+00
-2.953264867860568632e+00
-1.499468673266835417e+00
1.489123981814377107e+00
-2.131110561008209725e+00
-1.207317835181652477e+00
1.907908755069178675e+00
-7.438998084112232734e-01
6.787268574618909867e-01
1.181616068146876253e-01
-1.748074774616904303e+00
2.012658531887772551e+00
-6.023120071093590600e-01
-2.962595266443738051e+00
8.547444905147114635e-01
-2.495251486967497989e-03
-1.046398043526099553e+00
-2.570191144574301978e-01
3.121698182718547487e-01
1.895973267739643031e+00
1.146482855754864083e+00
1.077414107814612221e+00
1.863268040084637978e+00
2.453955517260352881e+00
2.887940057060951027e+00
-3.393389170628290930e-01
8.922665731701984182e-01
3.125460712055483370e+00
-1.607746635419886161e+00
-9.233631630913119448e-01
4.802545042852022217e-01
-1.999999999999989786e+00
1.425876148599244386e-01
-1.589002252137479143e+00
-2.582246886870587232e+00
1.870077989474086877e+00
-6.079555660906310610e-01
-2.041327880652164417e+00
1.033049750391362487e+00
4.994192701238688858e-01
-1.347978292712627146e-01
-9.068152948142820247e-01
-7.669412473630725646e-01
1.082904194371163697e-01
-1.298445953149967025e+00
-1.644325726082982664e+00
-2.170564799230453090e+00
-8.312464134734784960e-01
3.452030391479298244e-01
-3.138297659545245644e+00
-4.391307839729749474e-01
2.510038306217220683e+00
-9.307766251441668137e-01
1.231912839791212466e+00
2.056954474236129204e+00
8.592341613305474191e-01
3.689921803446321924e+00
7.024112543115162977e-01
-1.484952988693416520e-01
3.487702927095611916e+00
4.576931353843326500e-01
-1.093711896083974677e+00
3.998473879517122631e-01
2.357787090140566200e-01
7.317932712063801581e-02
-1.175886300671006524e+00
-3.260037263011421604e-01
7.513824824971171434e-01
3.591760477205101498e-01
5.800836335481460715e-01
-8.638498331789519202e-01
1.295123069584170228e+00
2.179885167271650381e+00
-2.511974175707825996e+00
-1.863082112178869043e-01
1.071859918288507352e+00
-2.669093833281425354e+00
-1.015141712940987873e+00
-2.186702982295900988e+00
-2.721355601601264773e+00
3.657732268533682163e-01
-2.927050983125047079e+00
-2.623490096605016753e+00
1.296292708935207205e+00
-2.581818963633888409e-01
-5.852634954263360445e-01
5.486528411986177911e-01
1.614625571990193631e+00
1.863343166219304070e+00
2.860147449170946654e-01
1.016602954566066863e+00
1.058093178372110366e+00
1.060058792179434217e+00
8.007985087716285033e-01
-1.945907540558335036e+00
1.059383477621096414e+00
1.899704876689584321e+00
-2.442131772359616981e+00
7.987499034164928791e-01
1.823623561518101788e+00
-1.328780584114264141e-01
2.233378583529123329e+00
2.351581854777680114e-01
7.701577543827164973e-01
3.529991123036973821e+00
-5.069016859864848845e-01
-7.409374711254977930e-01
1.376859526747498341e+00
-3.895096467823306874e-01
-1.641322051373326651e+00
-2.273641378485133036e+00
-1.152493496595397460e+00
-1.267617102306682897e+00
-2.590131502032609667e+00
-1.592582236222297887e+00
-1.713025372799128476e+00
1.273123647783228618e-01
2.839922796177123399e-01
-2.603122504302783469e+00
1.574074415995076137e+00
2.098501386903393495e+00
-1.897143090288949452e+00
1.038538818292658927e+00
5.627171088220446205e-01
-6.034159977320695534e-01
1.159861420368735185e+00
-2.022136529967056617e+00
-7.357911696413969027e-01
1.927743813739802414e+00
-1.276136881401262801e+00
-7.418729014177879444e-01
1.451056516294904952e+00
1.683013417077325213e+00
1.191676029872362097e+00
6.744123046896501883e-01
2.609899045813679930e+00
2.290649416779616754e+00
1.338775392497664196e+00
1.352054989245068617e+00
-2.993386115756350718e-01
1.813699372014536459e+00
5.133179080081554657e-01
-3.562452075156417930e+00
4.256452922438926922e-01
-5.110916842902182844e-02
-3.244264682390641585e+00
-4.629536846654184190e-01
-1.520951131950601276e+00
-8.533802854290573059e-01
1.039808272239835851e+00
-2.218429601431662235e+00
-2.443424133060129178e-01
1.937210672134279665e+00
-8.128611124308191549e-01
-1.070062460881558319e+00
-2.537240039320083351e-01
2.928932188136598169e-01
-1.115055870440559538e+00
-2.262895922734158294e+00
-4.974988600123345650e-01
-1.040648703594783786e+00
-5.653127565344803207e-01
-5.185972833953658157e-01
-1.744368845869814111e+00
2.543458989220782840e+00
1.684483592460156220e+00
-1.344027759240806530e+00
3.380271395290933789e+00
2.662522283239254328e+00
7.380551937631223414e-01
2.611994198194397043e+00
2.815880281346715419e-01
1.433094939693691838e+00
2.090899450248469016e+00
-1.892363074832262182e+00
-4.022749139639817395e-01
1.016300348231912620e+00
-7.974752120642869535e-01
-1.423827662367490809e+00
-7.369002700856556176e-01
1.072281008466168473e+00
-1.909830056247786012e-01
-7.322434753167693655e-01
7.965578933083199420e-01
-1.035780659323533026e-01
1.157481233759971584e+00
-3.580231768589238195e-01
-2.654552347303324122e+00
1.515327211817326214e+00
-8.522169692275700648e-01
-4.089376427273078818e+00
-2.850218368721154638e-01
-1.692075118690832491e+00
-2.091493630823102912e+00
-5.685350374259167117e-01
-2.561921162165574639e+00
3.860162035934345814e-01
1.592012360502065071e+00
-1.077147613790452763e+00
8.109963226326454278e-01
2.432517318303307974e+00
1.915645956030049391e+00
5.275291021989383378e-01
6.959996374433727873e-01
2.439652948561903401e+00
4.044405752847389790e-01
-4.584264206948507336e-02
3.235788039585181242e-01
-7.773593571187934481e-01
1.748938252626293766e+00
-4.268269821078826132e-01
-2.100289330501770912e+00
3.067958721024062640e+00
8.615141399627554986e-01
-9.962857151020307889e-01
2.271031189016287311e+00
5.891496975971259875e-01
1.180594269016533193e+00
1.172780258024150646e+00
-1.795313274998566300e+00
5.221127172958573981e-01
3.554225549779626570e-01
-2.649701133792729202e+00
-2.290231772672806088e+00
-1.277699020408175290e+00
-1.011572644700058810e+00
-2.913171098617578725e+00
-2.197884252830962559e+00
1.663309695907772001e-01
-1.099113458394861409e+00
1.357822847498893482e-02
-8.778525229240752292e-02
-5.500270878329562851e-01
3.124879745371065720e+00
-3.902801534532697458e-02
-1.608407005569499670e+00
2.982973902697214186e+00
8.483093398807106666e-02
-1.159737608122981545e+00
7.041980633321970329e-01
-1.034827454086939991e+00
8.520432964459170311e-01
5.406170143731171551e-01
-1.532307752162562098e+00
1.543853789280994704e+00
2.207015414139993581e+00
7.540638323705215473e-01
7.185854555188250226e-01
2.139706766418484563e+00
3.015522122206903965e+00
2.146891953248784013e-01
5.320599628803907022e-01
1.439574135137622779e+00
-5.732555564770729362e-01
3.425994818008576415e-01
-1.938784901131361815e+00
-2.634871790247458545e+00
1.254156929976232515e+00
-2.662532320975873112e+00
-3.429688465671085318e+00
9.484171250566078015e-01
-1.292765257924100464e+00
-9.489425265398485632e-01
1.052591082781709764e-01
-1.142961032749719719e+00
1.466474966563758198e+00
4.066382179322350909e-01
-1.738765273676394107e+00
2.255555776679315505e-01
5.267884297974471108e-01
-7.563875523931884448e-01
-2.194862042693193960e+00
-5.945542173420343968e-01
7.252217501923925447e-01
-1.762238091089835645e+00
-2.788097717025287414e-01
6.447374008421214997e-01
2.781668640143942772e-01
2.892878850615511421e+00
1.998048649407550559e-01
6.993556153428297506e-01
